Model Summary
----------

------------------------------------------------------------------------
      Layer (type)         Output Shape         Param #     Tr. Param #
========================================================================
          Conv2d-1      [1, 64, 32, 32]           1,792           1,792
     BatchNorm2d-2      [1, 64, 16, 16]             128             128
          Conv2d-3     [1, 128, 16, 16]          73,856          73,856
     BatchNorm2d-4       [1, 128, 8, 8]             256             256
          Conv2d-5       [1, 256, 8, 8]         295,168         295,168
     BatchNorm2d-6       [1, 256, 4, 4]             512             512
     BatchNorm2d-7       [1, 256, 2, 2]             512             512
          Linear-8            [1, 4096]       4,198,400       4,198,400
         Dropout-9            [1, 4096]               0               0
         Linear-10             [1, 512]       2,097,664       2,097,664
        Dropout-11             [1, 512]               0               0
         Linear-12              [1, 10]           5,130           5,130
========================================================================
Total params: 6,673,418
Trainable params: 6,673,418
Non-trainable params: 0
------------------------------------------------------------------------

Test Metrics
------------

Classification Metrics
----------

              precision    recall  f1-score   support

    airplane       0.84      0.84      0.84      1000
  automobile       0.90      0.86      0.88      1000
        bird       0.87      0.66      0.75      1000
         cat       0.66      0.66      0.66      1000
        deer       0.74      0.84      0.79      1000
         dog       0.76      0.74      0.75      1000
        frog       0.85      0.88      0.86      1000
       horse       0.87      0.83      0.85      1000
        ship       0.87      0.89      0.88      1000
       truck       0.77      0.90      0.83      1000

    accuracy                           0.81     10000
   macro avg       0.81      0.81      0.81     10000
weighted avg       0.81      0.81      0.81     10000

Confusion Matrix
----------

[[838  10  17  12   8   3   5   3  59  45]
 [  7 865   1   5   4   0   2   2  15  99]
 [ 42   6 661  71  91  42  46  21   4  16]
 [ 20   9  24 658  60 112  50  22  17  28]
 [ 12   4  14  44 839  20  27  33   4   3]
 [  7   4  11 136  36 745  13  31   4  13]
 [  3   1  14  32  39  15 876   2   3  15]
 [ 12   2   9  32  42  43   7 832   3  18]
 [ 39  14   4   7   9   1   3   3 892  28]
 [ 12  46   2   7   1   3   5   7  21 896]]
